[[0.00000000e+00 0.00000000e+00 0.00000000e+00 3.71830090e+02
  1.15435702e+00 3.57021390e-02 1.60920563e-04 0.00000000e+00
  0.00000000e+00]
 [1.37999240e-15 2.36780384e-03 7.14873338e+01 1.23084786e+02
  4.23726084e+00 8.92696844e-02 1.98360280e-04 3.35684411e-05
  3.35684411e-03]
 [4.40489443e-14 3.77747186e-02 1.21512342e+02 2.08946913e+02
  1.07831124e+01 1.05224900e-01 2.63334891e-03 5.71697266e-05
  5.71697266e-03]
 [1.33152992e-14 1.23914231e-01 6.02674212e+03 1.03794728e+04
  2.33774233e+01 3.48750321e-01 1.15407759e-02 5.65983158e-03
  2.82991579e-01]
 [4.58333835e-16 1.67192138e-03 7.10990350e+01 1.22444100e+02
  1.26993623e-01 2.30254391e-03 1.49208681e-04 6.67737257e-04
  3.33868629e-03]
 [0.00000000e+00 0.00000000e+00 0.00000000e+00 1.04544551e+03
  5.44846914e-01 1.67656632e-02 4.74353881e-04 0.00000000e+00
  0.00000000e+00]]ATR during LTO0.00013627406785442128ATR during cruise0.01219816887253649