[[1.84350335e-12 4.23282947e-01 8.54592572e+02 3.58945704e+02
  4.31978874e+01 4.02616959e-01 6.85311536e-03]
 [6.37010910e-13 1.47440936e-01 2.99328562e+02 1.25723728e+02
  1.51732306e+01 1.42206639e-01 2.38711609e-03]
 [2.37645663e-12 6.32795876e+00 4.10911441e+03 1.72380123e+03
  2.12786820e+02 1.18567759e+00 9.51258290e-02]
 [4.86572259e-14 1.33886935e+02 2.82853096e+04 1.18691020e+04
  1.45980758e+03 4.64223124e+00 1.88746963e+00]
 [2.30229852e-12 5.74100239e+00 3.68294206e+03 1.54503241e+03
  1.89754528e+02 1.04539515e+00 8.62951398e-02]
 [1.96640358e-12 4.51501810e-01 9.11565411e+02 3.82875418e+02
  4.60777465e+01 4.29458089e-01 7.30998972e-03]]ATR during LTO0.008377546352499642ATR during cruise0.19983407905027228